Period,Total,Under 200,200-299,300-499,500-749,750 and Over,Region,Under 150,150-199,500 and Over
2014Q1 ,100,12,30,30,17.0,10.0,North East,,,
2014Q2 ,100,10,29,28,19.0,14.0,North East,,,
2014Q3 ,100,5,19,31,23.0,21.0,North East,,,
2014Q4 ,100,(Z),29,32,22.0,17.0,North East,,,
2015Q1 ,100,7,17,34,20.0,22.0,North East,,,
2015Q2 ,100,6,17,46,20.0,12.0,North East,,,
2015Q3 ,100,10,22,38,18.0,12.0,North East,,,
2015Q4 ,100,7,17,26,20.0,30.0,North East,,,
2016Q1 ,100,5,15,46,24.0,10.0,North East,,,
2016Q2 ,100,4,25,27,28.0,17.0,North East,,,
2016Q3 ,100,7,19,36,17.0,22.0,North East,,,
2016Q4 ,100,4,21,46,15.0,14.0,North East,,,
2017Q1 ,100,2,11,32,33.0,23.0,North East,,,
2017Q2 ,100,1,27,29,23.0,20.0,North East,,,
2017Q3 ,100,2,18,43,20.0,18.0,North East,,,
2017Q4 ,100,0,22,28,18.0,30.0,North East,,,
2018Q1 ,100,6,13,40,24.0,17.0,North East,,,
2018Q2 ,100,3,26,25,23.0,22.0,North East,,,
2018Q3 ,100,1,17,31,24.0,27.0,North East,,,
2018Q4 ,100,1,8,38,32.0,21.0,North East,,,
2019Q1 ,100,7,11,37,26.0,19.0,North East,,,
2019Q2 ,100,4,16,40,20.0,20.0,North East,,,
2019Q3 ,100,2,12,31,27.0,27.0,North East,,,
2019Q4 ,100,3,8,41,32.0,16.0,North East,,,
2020Q1 ,100,1,12,35,33.0,20.0,North East,,,
2020Q2 ,100,6,10,43,24.0,18.0,North East,,,
2020Q3 ,100,0,6,54,22.0,18.0,North East,,,
2020Q4 ,100,0,2,45,36.0,16.0,North East,,,
2021Q1 ,100,0,3,44,25.0,28.0,North East,,,
2021Q2 ,100,0,6,27,31.0,36.0,North East,,,
2021Q3 ,100,2,0,46,24.0,29.0,North East,,,
2021Q4 ,100,7,11,24,22.0,36.0,North East,,,
2014Q1 ,100,7,33,42,10.0,8.0,West,,,
2014Q2 ,100,8,31,42,14.0,5.0,West,,,
2014Q3 ,100,10,32,40,12.0,6.0,West,,,
2014Q4 ,100,9,27,43,12.0,8.0,West,,,
2015Q1 ,100,6,31,42,14.0,7.0,West,,,
2015Q2 ,100,8,30,46,13.0,4.0,West,,,
2015Q3 ,100,7,32,40,12.0,8.0,West,,,
2015Q4 ,100,7,28,41,17.0,7.0,West,,,
2016Q1 ,100,4,32,43,15.0,6.0,West,,,
2016Q2 ,100,3,24,50,16.0,7.0,West,,,
2016Q3 ,100,5,27,45,15.0,8.0,West,,,
2016Q4 ,100,3,23,48,18.0,8.0,West,,,
2017Q1 ,100,3,25,49,17.0,6.0,West,,,
2017Q2 ,100,3,23,51,17.0,6.0,West,,,
2017Q3 ,100,3,21,51,16.0,9.0,West,,,
2017Q4 ,100,3,16,50,22.0,9.0,West,,,
2018Q1 ,100,3,18,50,21.0,8.0,West,,,
2018Q2 ,100,2,20,45,21.0,11.0,West,,,
2018Q3 ,100,2,16,55,18.0,9.0,West,,,
2018Q4 ,100,3,17,53,18.0,9.0,West,,,
2019Q1 ,100,1,15,55,22.0,6.0,West,,,
2019Q2 ,100,2,15,52,23.0,8.0,West,,,
2019Q3 ,100,2,19,48,23.0,8.0,West,,,
2019Q4 ,100,2,15,48,26.0,9.0,West,,,
2020Q1 ,100,1,12,56,22.0,8.0,West,,,
2020Q2 ,100,1,15,56,22.0,6.0,West,,,
2020Q3 ,100,1,8,61,21.0,9.0,West,,,
2020Q4 ,100,0,7,63,24.0,7.0,West,,,
2021Q1 ,100,1,5,50,33.0,11.0,West,,,
2021Q2 ,100,0,4,48,37.0,11.0,West,,,
2021Q3 ,100,0,3,43,34.0,19.0,West,,,
2021Q4 ,100,0,3,43,41.0,13.0,West,,,
2014Q1 ,100,,32,28,,,South,9.0,22.0,9.0
2014Q2 ,100,,31,30,,,South,8.0,20.0,12.0
2014Q3 ,100,,32,27,,,South,11.0,22.0,9.0
2014Q4 ,100,,33,29,,,South,7.0,18.0,13.0
2015Q1 ,100,,38,27,,,South,6.0,19.0,10.0
2015Q2 ,100,,35,27,,,South,5.0,21.0,11.0
2015Q3 ,100,,31,33,,,South,7.0,19.0,10.0
2015Q4 ,100,,36,32,,,South,7.0,14.0,11.0
2016Q1 ,100,,33,32,,,South,7.0,17.0,11.0
2016Q2 ,100,,32,33,,,South,5.0,20.0,11.0
2016Q3 ,100,,33,34,,,South,5.0,17.0,10.0
2016Q4 ,100,,33,34,,,South,4.0,18.0,11.0
2017Q1 ,100,,35,32,,,South,6.0,15.0,12.0
2017Q2 ,100,,38,33,,,South,4.0,13.0,12.0
2017Q3 ,100,,33,36,,,South,5.0,14.0,12.0
2017Q4 ,100,,35,37,,,South,4.0,11.0,13.0
2018Q1 ,100,,36,37,,,South,5.0,11.0,12.0
2018Q2 ,100,,36,34,,,South,5.0,14.0,11.0
2018Q3 ,100,,37,35,,,South,4.0,11.0,14.0
2018Q4 ,100,,39,35,,,South,5.0,9.0,12.0
2019Q1 ,100,,45,32,,,South,4.0,10.0,10.0
2019Q2 ,100,,41,36,,,South,2.0,9.0,11.0
2019Q3 ,100,,41,34,,,South,2.0,11.0,12.0
2019Q4 ,100,,41,35,,,South,2.0,9.0,12.0
2020Q1 ,100,,42,35,,,South,3.0,11.0,9.0
2020Q2 ,100,,39,38,,,South,3.0,12.0,9.0
2020Q3 ,100,,44,36,,,South,0.0,8.0,12.0
2020Q4 ,100,,36,47,,,South,0.0,5.0,12.0
2021Q1 ,100,,36,45,,,South,1.0,4.0,14.0
2021Q2 ,100,,29,51,,,South,0.0,2.0,18.0
2021Q3 ,100,,28,48,,,South,0.0,1.0,22.0
2021Q4 ,100,,23,56,,,South,0.0,1.0,19.0
2014Q1 ,100,,34,31,,,Mid West,12.0,17.0,7.0
2014Q2 ,100,,34,28,,,Mid West,8.0,21.0,10.0
2014Q3 ,100,,36,30,,,Mid West,7.0,16.0,10.0
2014Q4 ,100,,28,32,,,Mid West,11.0,18.0,11.0
2015Q1 ,100,,34,31,,,Mid West,4.0,20.0,11.0
2015Q2 ,100,,39,29,,,Mid West,5.0,17.0,10.0
2015Q3 ,100,,34,37,,,Mid West,4.0,20.0,6.0
2015Q4 ,100,,37,34,,,Mid West,3.0,18.0,9.0
2016Q1 ,100,,38,34,,,Mid West,4.0,18.0,7.0
2016Q2 ,100,,37,34,,,Mid West,4.0,19.0,6.0
2016Q3 ,100,,36,36,,,Mid West,4.0,16.0,9.0
2016Q4 ,100,,36,35,,,Mid West,1.0,14.0,13.0
2017Q1 ,100,,37,35,,,Mid West,2.0,16.0,10.0
2017Q2 ,100,,37,35,,,Mid West,1.0,17.0,10.0
2017Q3 ,100,,34,33,,,Mid West,2.0,21.0,10.0
2017Q4 ,100,,41,32,,,Mid West,2.0,13.0,12.0
2018Q1 ,100,,32,37,,,Mid West,2.0,18.0,10.0
2018Q2 ,100,,35,33,,,Mid West,3.0,18.0,10.0
2018Q3 ,100,,41,38,,,Mid West,1.0,11.0,9.0
2018Q4 ,100,,36,39,,,Mid West,2.0,13.0,10.0
2019Q1 ,100,,41,34,,,Mid West,3.0,14.0,9.0
2019Q2 ,100,,39,33,,,Mid West,6.0,14.0,8.0
2019Q3 ,100,,39,38,,,Mid West,3.0,10.0,10.0
2019Q4 ,100,,42,34,,,Mid West,1.0,12.0,10.0
2020Q1 ,100,,42,36,,,Mid West,1.0,11.0,11.0
2020Q2 ,100,,47,35,,,Mid West,1.0,8.0,9.0
2020Q3 ,100,,42,36,,,Mid West,1.0,4.0,16.0
2020Q4 ,100,,41,38,,,Mid West,2.0,10.0,10.0
2021Q1 ,100,,38,46,,,Mid West,0.0,5.0,11.0
2021Q2 ,100,,40,45,,,Mid West,1.0,1.0,13.0
2021Q3 ,100,,34,45,,,Mid West,0.0,1.0,19.0
2021Q4 ,100,,24,60,,,Mid West,0.0,0.0,16.0
